MES_KRAMS_MD
METEODISPLAY
@MES_MD_RW1
PART_CH 01 09:27:00 18-07-2019
02 255
03 075
04 260///95
05 ƒ≈Õ‹   
06                         
07  
08 Õ≈“
09 Õ≈“
10 MANAS     
11 UCFM
12 Ã‡Ì‡Ò       
13 26 
14 08 
15 FEW
20 RWY_ON 

PART_RL 21     1.0
27     2.0
28     2.0
29     2.0
30 99999.0
31 99999.0
32     0.0
33     0.0
34   929.3
35     7.0
36  1004.5
37    39.0
38    10.0
39     1.9
40     0.0
41  9999.0
42  9999.0
43  9999.0
44  9999.0
45 10000.0
46  2000.0
47  2000.0
48   360.0
49     3.0
50     5.0
51   290.0
52     4.0
53     6.0
54   699.3
55   932.4
56   698.4
57   931.3
58     4.8
59     3.4
60 10000.0
61 10000.0
62 10000.0
63 10000.0
64   350.0
65    30.0
66   260.0
67   110.0
68     1.3
69     4.9
70     6.0
71    10.0
72     9.6
73     2.6
74     8.0
75    12.0
76     6.9
77     9.8
78  6600.0
79  6600.0
80     0.0
81     0.0
82     0.0
83     0.0
84     2.0
85     3.0
86     4.0
87     6.0
88 99999.0
89 99999.0
90 99999.0
91 99999.0
92 99999.0
93     0.0
94     0.0
95     0.0
96     0.0
97     0.0
98     0.0
99     0.0
101   320.0
102     2.0
106     5.0
107     6.0
108    10.0
109    12.0
110 99999.0
111 99999.0
112   753.3
113    39.0
114     2.0
115     5.0
116     3.0
117     1.0
118     5.0
120 99999.0
121 10000.0
122 10000.0
123 99999.0
124 99999.0
125 99999.0
126   310.0
127     3.0
128     8.0
129     6.0
130    16.0
131     6.5
132    14.0
133    -4.6
134   -10.0
135   280.0
136   330.0
137 99999.0

PART_ST 88                  

PART_TREND NOSIG END_TREND
PART_SUPPL  END_SUPPL
PART_AD_WRNG  END_AD_WRNG
PART_WS_WRNG  END_WS_WRNG
PART_CELL  END_CELL
PART_STORM_WAV NO END_STORM_WAV
PART_AUTO NO END_AUTO
CRC=234=
